   0.1258540E+07   0.2318805E+07
   0.2922905E+07   0.5197465E+07
   0.4595904E+07   0.8086555E+07
   0.6277625E+07   0.1098579E+08
   0.7968155E+07   0.1389520E+08
   0.9667584E+07   0.1681488E+08
   0.1137600E+08   0.1974491E+08
   0.1309350E+08   0.2268540E+08
   0.1482017E+08   0.2563645E+08
   0.1655611E+08   0.2859817E+08
   0.1830142E+08   0.3157067E+08
   0.2005619E+08   0.3455406E+08
   0.2182052E+08   0.3754846E+08
   0.2359452E+08   0.4055397E+08
   0.2537828E+08   0.4357072E+08
   0.2717192E+08   0.4659883E+08
   0.2897553E+08   0.4963841E+08
   0.3078923E+08   0.5268960E+08
   0.3261314E+08   0.5575252E+08
   0.3444735E+08   0.5882730E+08
   0.3629198E+08   0.6191405E+08
   0.3814715E+08   0.6501293E+08
   0.4001298E+08   0.6812407E+08
   0.4188958E+08   0.7124759E+08
   0.4377709E+08   0.7438364E+08
